4856507896573978293098418946942861377074420873513579240196520736 6869851340104723744696879743992611751097377770102744752804905883 1384037549709987909653955227011712157025974666993240226834596619 6060348517424977358468518855674570257125474999648219418465571008 4119086259716947970799152004866709975923596061320725973797993618 8606316914473588300245336972781813914797955513399949394882899846 9178361001825978901031601961835034344895687053845208538045842415 6548248893338047475871128339598968522325446084089711197712769412 0795862440547161321005006459820176961771809478113622002723448272 2493232595472346880029277764979061481298404283457201463489685471 6908235473783566197218622496943162271666393905543024156473292485 5248991225739466548627140482117138124388217717602984125524464744 5055834628144883356319027253195904392838737640739168912579240550 1562088978716337599910788708490815909754801928576845198859630532 3823490558092032999603234471140776019847163531161713078576084862 2363702835701049612595681846785965333100770179916146744725492728 3348691600064758591746278121269007351830924153010630289329566584 3662000800476778967984382090797619859493646309380586336721469695 9750279687712057249966669805614533820741203159337703099491527469 1835659376210222006812679827344576093802030447912277498091795593 8387121000588766689258448700470772552497060444652127130404321182 610103591186476662963858495087448497373476861420880529443

****************************************************************************

4
8565078965 7397829309 8418946942 8613770744 2087351357 9240196520 7366869851
3401047237 4469687974 3992611751 0973777701 0274475280 4905883138 4037549709
9879096539 5522701171 2157025974 6669932402 2683459661 9606034851 7424977358
4685188556 7457025712 5474999648 2194184655 7100841190 8625971694 7970799152
0048667099 7592359606 1320725973 7979936188 6063169144 7358830024 5336972781
8139147979 5551339994 9394882899 8469178361 0018259789 0103160196 1835034344
8956870538 4520853804 5842415654 8248893338 0474758711 2833959896 8522325446
0840897111 9771276941 2079586244 0547161321 0050064598 2017696177 1809478113
6220027234 4827224932 3259547234 6880029277 7649790614 8129840428 3457201463
4896854716 9082354737 8356619721 8622496943 1622716663 9390554302 4156473292
4855248991 2257394665 4862714048 2117138124 3882177176 0298412552 4464744505
5834628144 8833563190 2725319590 4392838737 6407391689 1257924055 0156208897
8716337599 9107887084 9081590975 4801928576 8451988596 3053238234 9055809203
2999603234 4711407760 1984716353 1161713078 5760848622 3637028357 0104961259
5681846785 9653331007 7017991614 6744725492 7283348691 6000647585 9174627812
1269007351 8309241530 1063028932 9566584366 2000800476 7789679843 8209079761
9859493646 3093805863 3672146969 5975027968 7712057249 9666698056 1453382074
1203159337 7030994915 2746918356 5937621022 2006812679 8273445760 9380203044
7912277498 0917955938 3871210005 8876668925 8448700470 7725524970 6044465212
7130404321 1826101035 9118647666 2963858495 0874484973 7347686142 0880529443

****************************************************************************

4856507896573978293098418946942861377074420873513579240196520736
6869851340104723744696879743992611751097377770102744752804905883
1384037549709987909653955227011712157025974666993240226834596619
6060348517424977358468518855674570257125474999648219418465571008
4119086259716947970799152004866709975923596061320725973797993618
8606316914473588300245336972781813914797955513399949394882899846
9178361001825978901031601961835034344895687053845208538045842415
6548248893338047475871128339598968522325446084089711197712769412
0795862440547161321005006459820176961771809478113622002723448272
2493232595472346880029277764979061481298404283457201463489685471
6908235473783566197218622496943162271666393905543024156473292485
5248991225739466548627140482117138124388217717602984125524464744
5055834628144883356319027253195904392838737640739168912579240550
1562088978716337599910788708490815909754801928576845198859630532
3823490558092032999603234471140776019847163531161713078576084862
2363702835701049612595681846785965333100770179916146744725492728
3348691600064758591746278121269007351830924153010630289329566584
3662000800476778967984382090797619859493646309380586336721469695
9750279687712057249966669805614533820741203159337703099491527469
1835659376210222006812679827344576093802030447912277498091795593
8387121000588766689258448700470772552497060444652127130404321182
610103591186476662963858495087448497373476861420880529443
